53.366463 85.659831 188.123242 37.827089 77.167099 285.331603 94.614819 57.474602 43.150900 74.713649 43.056234 151.920048 6.360835 139.982509 8.915012 155.962557 9.702553 33.940869 30.850490 288.876032
32.498482 72.233224 137.570707 87.770760 183.783340 144.253863 74.005785 235.926962 100.353549 29.959799 255.584890 108.349508 18.269720 179.898177 316.436200 70.949967 25.668786 56.006987 61.299244 68.809956
101.343101 140.587346 78.705057 15.505897 49.238317 56.202318 6.647462 24.221539 112.312062 167.421549 69.244169 124.302970 21.331799 48.206222 198.277169 75.393346 155.423905 1.501399 245.961408 22.348946
18.297764 82.797576 109.340871 258.563433 7.106308 91.863422 61.258222 83.286180 45.629148 76.091473 148.545261 91.183487 53.118758 39.594978 160.039542 44.937441 5.497584 3.646031 173.481868 79.688327
43.739231 9.629078 94.989122 105.447181 36.285993 47.313379 107.395714 70.870464 31.054863 105.051177 105.090288 77.538040 28.947921 33.479992 94.005185 1.708046 50.148345 9.175508 13.502247 189.924751
50.336737 15.573147 102.059643 53.575113 138.505135 153.528205 200.770871 99.567016 46.836087 142.797095 83.943384 49.402144 239.725909 11.540265 67.965881 164.610307 56.250817 16.390327 47.713763 207.602718
200.004927 145.066441 7.306266 141.863078 105.951352 45.723015 35.895333 66.054596 12.699748 12.632446 169.009414 135.667824 62.277986 38.961195 215.206506 2.027954 9.338080 132.654069 65.569243 102.636469
112.882547 160.868087 138.204548 35.990438 110.071250 129.927131 92.551114 120.340818 3.693878 132.639212 53.279201 66.393432 12.188164 155.411088 79.129319 11.312958 34.427311 25.064388 182.545222 82.114638
102.051985 22.709774 10.016512 134.778415 119.910576 42.919382 43.075197 39.119664 3.376851 90.113673 96.768465 147.382412 79.318452 82.466674 156.730065 75.167903 96.753111 6.622753 133.485811 40.941255
200.354468 160.776684 100.445010 77.118281 22.123519 64.143886 136.413941 120.720480 159.519323 62.959981 80.061643 45.010301 204.479236 111.487894 293.152718 45.862605 17.459481 72.821316 173.720207 106.611956
199.613941 79.466799 71.048304 130.886421 54.600793 72.050277 7.539170 9.178460 4.558291 10.592635 107.999867 46.840161 12.918804 12.584490 77.106029 79.733492 82.222934 68.746084 48.630338 37.917133
30.192075 68.866934 35.623240 201.697702 43.422907 115.438825 28.280680 37.776471 70.374118 10.814703 95.285076 81.301025 228.442453 27.127200 75.520407 56.879237 45.997456 167.897168 29.042882 6.155689
55.292422 3.358786 26.873235 65.129245 17.221272 88.406940 130.320139 4.000583 83.803156 167.016878 83.274421 104.270614 107.860554 235.784017 34.248542 124.409788 100.905954 17.843587 86.288556 34.079800
47.945725 46.148910 115.939609 59.678018 53.766299 23.942165 73.060438 157.616001 74.706339 229.013016 171.905850 29.856270 55.618385 1.742583 130.993480 109.474643 66.348280 87.226289 13.278854 7.744850
135.814517 16.315378 161.139621 270.482673 63.057759 70.977197 19.518453 129.308625 67.862216 39.507662 117.451026 149.950902 47.532694 18.917204 96.568115 63.401329 37.474357 58.861048 153.540789 131.218659
155.632549 89.351698 128.851095 16.840551 27.366122 117.640996 21.103174 38.879336 6.558385 51.250153 132.898909 70.671275 31.068898 93.294490 92.950717 206.329411 63.656919 99.072389 36.268376 113.985419
136.305860 123.796850 141.646273 116.919758 149.611718 5.462014 201.487175 31.741730 36.559011 1.000000 208.662706 142.549990 326.683961 8.981435 42.622416 2.852741 35.279121 113.314356 90.520943 93.777828
81.649355 40.975629 55.002210 44.616967 96.907816 1.000000 107.032490 9.885189 100.399795 162.780720 2.853637 6.830729 263.957203 53.466264 25.399159 56.150473 118.676458 14.915538 27.991120 60.613428
64.096351 8.269281 224.780918 232.555710 59.945215 17.925048 127.685651 72.522373 4.948326 25.025595 116.890169 3.335616 61.404570 170.067007 53.754158 154.644569 195.969256 193.389816 179.831999 155.684679
180.548878 32.598954 91.153010 49.529155 162.138806 72.636631 17.102555 129.759428 121.177730 30.112763 76.444841 49.851028 107.636449 116.995137 50.392975 36.679631 10.147576 47.130138 56.479067 107.108198
56.935900 133.057366 171.416034 121.098164 64.742026 63.175228 27.286286 225.502858 155.062701 57.729595 71.280385 141.492987 110.119893 96.573365 143.166223 68.938747 8.762832 103.231269 35.771073 90.870728
67.547772 18.001393 45.611524 18.749314 124.356992 78.170792 44.930157 125.594508 161.413822 147.542490 107.235983 8.301450 244.552823 158.072911 47.947091 145.630645 135.450598 88.539071 151.443336 29.657476
30.130676 14.557454 168.423288 143.613818 1.000000 62.723366 15.042835 12.338847 52.724887 90.538083 5.591465 261.468135 13.381802 163.554998 58.217194 68.315981 25.001618 184.709529 144.241954 35.965365
102.153244 31.866675 203.880159 4.353737 90.083951 28.590886 17.949958 101.995151 172.122540 132.347335 10.108695 171.323972 5.557313 159.128268 53.349353 126.410563 2.930733 279.325361 43.232486 36.970265
85.027423 25.516115 182.199385 92.266587 184.798993 131.927050 1.665787 18.994790 102.900071 43.325039 3.276924 75.162981 78.643804 139.361611 20.917942 80.207436 45.269611 32.759104 183.166207 101.298521
6.416275 22.292219 278.347047 160.128246 104.385097 211.507856 93.350692 132.167631 83.728788 132.525975 51.498140 35.045329 147.390188 23.252755 59.325460 6.961460 229.483744 29.235494 78.266078 26.928734
148.347870 102.704684 98.635632 38.543812 85.198069 191.244360 40.730182 30.966348 70.048635 37.313100 176.385725 9.199388 14.464455 21.366045 18.255514 12.377486 90.755637 39.093619 247.904703 141.252960
126.707329 218.265156 94.232831 88.021644 146.351284 75.858198 108.164227 63.377067 27.116330 57.422835 51.689569 51.287427 167.432599 9.724325 154.362079 13.021607 60.229161 150.920784 42.349268 192.531200
93.850582 29.959325 11.180051 61.914519 1.000000 60.457186 11.414328 128.603396 128.684684 7.661334 117.173605 5.258131 141.939000 84.642532 84.732424 33.635205 32.181700 35.514199 71.932940 52.697121
94.330169 189.777974 18.300972 57.959408 53.466600 53.300496 110.802759 20.955553 142.770193 126.766624 28.043756 44.132170 113.333036 44.757045 98.450972 153.977256 2.013055 7.237521 203.790108 145.893235
