1.462878031758e+00 -5.372849180416e-02 1.612552291211e-02 2.012501515199e-02 5.706719921780e-02 3.534538119016e-02 9.870621162291e-02 9.556795026864e-02 4.929550594326e-02 4.244318573610e-02 -5.134746532927e-02 -6.693369748571e-02 3.051901193607e-02 1.754488662279e-02 -1.533374189408e-01 6.061441841818e-02 1.263209081736e-02 -4.207426858247e-02 5.225072944432e-02 -4.329172992957e-02
-5.372849180416e-02 1.588826803654e+00 -1.167838296551e-02 2.254815059743e-02 8.586134539484e-02 -6.834900729969e-03 -8.248555670291e-02 6.465740155492e-02 1.591528117539e-02 6.343154160086e-02 5.496799309490e-02 -3.585805831403e-02 -6.508811031302e-03 5.964581095272e-03 2.373561806459e-02 7.103987829507e-02 1.550482933703e-01 -1.026852082334e-01 -9.992372647708e-02 1.457136205860e-02
1.612552291211e-02 -1.167838296551e-02 1.437351716618e+00 1.411150152181e-02 -6.392740417377e-02 4.568549770729e-02 -8.133020847064e-02 1.394100761487e-01 7.149673896270e-02 -9.899099751585e-02 -8.259594780866e-02 6.247929540613e-02 6.724443726285e-02 4.479779833048e-02 8.974439167585e-02 -4.469353873784e-02 1.262673495246e-01 -5.499826630525e-02 -4.122606684478e-03 -2.392598845385e-02
2.012501515199e-02 2.254815059743e-02 1.411150152181e-02 1.456413528614e+00 -2.035793534082e-02 -2.597249975915e-02 -2.951577660650e-02 3.386404584482e-02 9.596856605193e-02 8.050513439933e-02 1.453739447949e-01 5.582614596258e-02 2.709005631455e-02 -2.587188638516e-03 -3.966499884180e-02 -1.077964095072e-01 1.155611102622e-01 -7.107424940490e-02 -1.132293405117e-02 1.011125995668e-01
5.706719921780e-02 8.586134539484e-02 -6.392740417377e-02 -2.035793534082e-02 1.420371032754e+00 1.053443895267e-01 1.026390336023e-01 -2.363615794696e-02 5.205880364350e-02 -6.531808110073e-02 9.642355756279e-02 7.739851386293e-03 -1.636065258677e-02 -3.251138846473e-02 -7.653093561940e-02 -5.470609618469e-02 -6.460392942994e-02 -1.040438885504e-01 -9.494044348506e-03 -6.437390096381e-03
3.534538119016e-02 -6.834900729969e-03 4.568549770729e-02 -2.597249975915e-02 1.053443895267e-01 1.429880919574e+00 1.093967312631e-02 5.700100448736e-02 -7.777396383920e-02 1.352190261698e-01 -2.465168892638e-02 -1.148418177280e-02 -4.872369712265e-02 6.021527200662e-02 -6.655010642364e-02 9.429523808619e-02 1.304754263014e-01 -1.769215520537e-02 9.412951713695e-03 -7.119719259386e-02
9.870621162291e-02 -8.248555670291e-02 -8.133020847064e-02 -2.951577660650e-02 1.026390336023e-01 1.093967312631e-02 1.438019379593e+00 -1.653998997371e-02 -2.680675273736e-03 1.093185237054e-02 8.495955939473e-02 -1.960484110073e-02 8.875965291807e-02 -8.768355578304e-02 8.592525122042e-02 7.343131023415e-02 -6.933974175778e-02 5.620462292359e-02 -2.439266099302e-02 -1.202308519449e-03
9.556795026864e-02 6.465740155492e-02 1.394100761487e-01 3.386404584482e-02 -2.363615794696e-02 5.700100448736e-02 -1.653998997371e-02 1.634192920708e+00 4.176625278302e-02 -1.310474045744e-01 -8.001392748413e-02 -5.929053779808e-02 4.006304730918e-02 2.939851444935e-02 -6.401004292760e-02 -2.123789617554e-02 -1.620286077668e-01 5.470804819709e-02 8.458415347912e-03 -1.280804969171e-02
4.929550594326e-02 1.591528117539e-02 7.149673896270e-02 9.596856605193e-02 5.205880364350e-02 -7.777396383920e-02 -2.680675273735e-03 4.176625278302e-02 1.376606582674e+00 -3.795136055352e-02 -6.912747810427e-02 5.154949870197e-02 -8.501612019393e-02 -7.571369567072e-02 -3.377092093755e-02 -5.513372840841e-02 8.880411339378e-02 8.585172881596e-02 7.602999277647e-02 -3.861441580223e-02
4.244318573610e-02 6.343154160086e-02 -9.899099751585e-02 8.050513439933e-02 -6.531808110073e-02 1.352190261698e-01 1.093185237054e-02 -1.310474045744e-01 -3.795136055352e-02 1.599257652612e+00 -8.540475622670e-02 1.207840615989e-01 -1.282878035941e-02 4.650262401948e-02 -4.012457881498e-02 8.723060282538e-04 7.092274710150e-02 6.570464465217e-02 -2.651331907391e-02 -6.886641810655e-03
-5.134746532927e-02 5.496799309490e-02 -8.259594780866e-02 1.453739447949e-01 9.642355756279e-02 -2.465168892638e-02 8.495955939473e-02 -8.001392748413e-02 -6.912747810427e-02 -8.540475622670e-02 1.551246152477e+00 1.542844556299e-01 5.677845910410e-02 -7.464399463848e-02 5.309340413468e-02 -9.519886194783e-02 -3.364291578414e-02 -1.568954692944e-02 1.993875804059e-02 8.657487407214e-03
-6.693369748571e-02 -3.585805831403e-02 6.247929540613e-02 5.582614596258e-02 7.739851386293e-03 -1.148418177280e-02 -1.960484110073e-02 -5.929053779808e-02 5.154949870197e-02 1.207840615989e-01 1.542844556299e-01 1.619741338809e+00 2.483098516980e-02 3.318809279797e-02 -4.300524075455e-02 -5.600446295445e-02 -4.298742947651e-02 9.482233441837e-02 9.327325503197e-02 9.308563139483e-02
3.051901193607e-02 -6.508811031302e-03 6.724443726285e-02 2.709005631455e-02 -1.636065258677e-02 -4.872369712265e-02 8.875965291807e-02 4.006304730918e-02 -8.501612019393e-02 -1.282878035941e-02 5.677845910410e-02 2.483098516980e-02 1.510906264102e+00 2.309932320187e-02 6.863446007758e-02 -2.753252005224e-02 5.770581864602e-02 -1.418184389198e-02 -6.712097988317e-02 -1.107540287910e-01
1.754488662279e-02 5.964581095273e-03 4.479779833048e-02 -2.587188638516e-03 -3.251138846473e-02 6.021527200662e-02 -8.768355578304e-02 2.939851444935e-02 -7.571369567072e-02 4.650262401948e-02 -7.464399463848e-02 3.318809279797e-02 2.309932320187e-02 1.460457477657e+00 -4.834570214434e-02 4.003897981627e-02 1.802285877896e-02 -1.267280582166e-01 1.145920957698e-01 9.707404859358e-02
-1.533374189408e-01 2.373561806459e-02 8.974439167585e-02 -3.966499884180e-02 -7.653093561940e-02 -6.655010642364e-02 8.592525122042e-02 -6.401004292760e-02 -3.377092093755e-02 -4.012457881498e-02 5.309340413468e-02 -4.300524075455e-02 6.863446007758e-02 -4.834570214434e-02 1.496028587683e+00 -9.155054967751e-02 2.526572677809e-02 1.077977689504e-02 9.627287185517e-02 -6.220554183414e-02
6.061441841818e-02 7.103987829507e-02 -4.469353873784e-02 -1.077964095072e-01 -5.470609618469e-02 9.429523808619e-02 7.343131023415e-02 -2.123789617554e-02 -5.513372840841e-02 8.723060282538e-04 -9.519886194783e-02 -5.600446295445e-02 -2.753252005224e-02 4.003897981627e-02 -9.155054967751e-02 1.613479401484e+00 8.117063028840e-03 7.202332775181e-03 1.792874280603e-02 1.663279539128e-02
1.263209081736e-02 1.550482933703e-01 1.262673495246e-01 1.155611102622e-01 -6.460392942994e-02 1.304754263014e-01 -6.933974175778e-02 -1.620286077668e-01 8.880411339378e-02 7.092274710150e-02 -3.364291578414e-02 -4.298742947651e-02 5.770581864602e-02 1.802285877896e-02 2.526572677809e-02 8.117063028840e-03 1.431877719492e+00 -8.737250167312e-02 5.945109456563e-02 -8.226026084235e-02
-4.207426858247e-02 -1.026852082334e-01 -5.499826630525e-02 -7.107424940490e-02 -1.040438885504e-01 -1.769215520537e-02 5.620462292359e-02 5.470804819709e-02 8.585172881596e-02 6.570464465217e-02 -1.568954692944e-02 9.482233441837e-02 -1.418184389198e-02 -1.267280582166e-01 1.077977689504e-02 7.202332775181e-03 -8.737250167312e-02 1.591994617531e+00 -4.224096245135e-02 3.441296115074e-03
5.225072944432e-02 -9.992372647708e-02 -4.122606684478e-03 -1.132293405117e-02 -9.494044348506e-03 9.412951713695e-03 -2.439266099302e-02 8.458415347912e-03 7.602999277647e-02 -2.651331907391e-02 1.993875804059e-02 9.327325503197e-02 -6.712097988317e-02 1.145920957698e-01 9.627287185517e-02 1.792874280603e-02 5.945109456563e-02 -4.224096245135e-02 1.406274661922e+00 6.440548522323e-02
-4.329172992957e-02 1.457136205860e-02 -2.392598845385e-02 1.011125995668e-01 -6.437390096381e-03 -7.119719259386e-02 -1.202308519449e-03 -1.280804969171e-02 -3.861441580223e-02 -6.886641810655e-03 8.657487407214e-03 9.308563139483e-02 -1.107540287910e-01 9.707404859358e-02 -6.220554183414e-02 1.663279539128e-02 -8.226026084235e-02 3.441296115074e-03 6.440548522323e-02 1.474195210286e+00
