97.647399 154.548172 12.017968 46.668818 26.218563 24.596256 60.349017 90.106243 170.375716 144.183206 115.267230 22.572169 40.253502 48.255646 31.591646 117.703639 124.183190 155.495549 56.443794 96.531689
91.300998 60.492030 22.625183 38.721265 42.008711 28.424605 39.528510 116.355802 151.658019 129.076883 57.526295 132.803585 72.307427 49.992521 192.282542 108.365650 163.912283 29.980064 180.371383 79.471819
31.980391 152.494289 209.309202 45.941002 84.924283 4.075029 153.323768 121.988471 63.465460 80.963919 52.844074 54.524343 177.491697 52.915788 19.688968 94.415651 54.245950 42.911844 97.218399 37.493464
12.099831 7.348689 108.313041 17.058457 127.525585 97.067734 14.366235 60.428178 30.020627 15.110326 114.410017 30.140442 27.982731 43.603115 95.986228 127.494285 75.590137 35.106030 146.772790 52.281502
87.892495 115.513670 13.150461 36.298002 262.759032 83.429001 160.737207 1.000000 159.717466 141.661899 70.463479 42.926635 43.516228 180.182990 93.492741 94.286997 11.459201 45.888175 58.933417 68.465484
177.042963 109.325354 52.146582 21.540655 115.016357 11.347489 53.111113 14.194847 175.130308 142.113581 3.859227 2.260686 81.004880 3.283670 86.882851 128.481339 34.916201 110.883475 92.809420 13.099236
76.951509 51.419405 59.895345 140.091182 59.487311 97.108621 78.901940 31.516314 101.386745 36.451099 22.806852 93.470259 124.383515 107.362745 211.457381 54.248093 61.515588 5.067422 21.439597 24.585130
28.827502 1.000000 125.468060 234.266985 56.019599 88.745471 30.069510 16.200086 113.523184 16.640438 15.721463 7.785483 137.180876 137.080071 109.442226 78.670263 33.343131 195.831743 57.067964 53.050616
140.111122 172.886763 120.779801 45.842677 91.980170 15.893233 248.666628 172.215127 18.653219 16.977429 61.846310 20.954622 4.501748 98.816558 21.715947 73.019941 12.297213 73.449721 24.015587 42.271225
91.459006 87.268821 180.356172 133.435048 161.440910 128.488980 54.489693 127.300547 1.700945 86.276167 49.987908 63.454754 61.694762 190.005533 63.910038 76.212393 121.359792 13.659871 58.863252 40.953562
27.081381 80.226426 23.734961 12.028071 7.454942 48.776198 45.851030 203.667955 28.706869 56.479590 210.969008 5.813196 9.992157 201.771041 28.780982 32.038697 165.040353 49.499657 38.224374 32.994740
111.528942 35.119782 46.189228 93.286287 15.137105 65.744135 123.391761 44.861285 100.732066 88.383200 16.922045 148.312432 33.069552 49.663373 83.770250 69.222338 8.887652 85.989569 123.390772 59.451985
50.814903 15.193954 17.399730 105.068938 1.943914 14.910513 44.626386 35.492645 249.661892 2.287225 161.550984 19.273180 19.035183 69.550323 41.762422 50.109115 102.108033 48.717728 20.687758 3.848665
216.407314 38.976085 171.106257 158.976941 38.707013 50.487149 111.083720 36.339963 37.822519 21.444007 198.522038 138.703779 9.650506 270.882935 30.395649 4.544242 153.400738 69.911005 43.898192 210.471993
107.168910 132.658602 57.682441 108.295705 2.763975 3.551689 6.519737 113.647249 206.851697 64.387773 314.067908 173.650155 80.461481 348.109906 62.191837 62.210489 100.968846 14.617865 79.791460 85.856868
72.798840 9.905891 31.308936 54.683780 101.873506 49.273357 49.297896 54.006034 126.813941 4.767253 160.152129 147.609225 1.000000 7.809925 81.145873 172.113420 89.032288 48.692752 63.103652 84.799898
32.145160 256.753771 10.672253 129.122568 8.332511 54.852365 28.525255 112.945093 6.877288 52.484600 67.638843 30.534818 108.479638 105.925131 211.882819 6.320153 166.131417 185.197747 48.161998 13.544985
101.516747 13.199299 30.053561 174.189450 67.554072 114.566706 79.574210 8.864054 32.871333 54.962232 65.329691 4.104077 19.168704 175.211343 5.308404 112.982137 104.567228 80.635384 36.004941 49.452475
137.459301 55.588583 249.923769 73.641404 10.207716 140.596570 204.297120 142.681381 93.924570 77.420813 120.123962 92.509509 74.595904 83.731110 183.566857 3.700275 93.485010 12.198785 55.920931 22.924394
47.508309 75.847256 55.143555 116.519593 106.064796 2.218038 45.456610 72.611031 154.828350 73.352554 71.516312 158.907963 60.014186 20.850036 150.423126 10.460266 35.664446 119.776470 24.996789 188.670285
38.953212 252.466671 37.930985 7.484724 301.474143 142.067449 1.000000 52.119285 53.715955 72.097170 5.538544 99.924805 7.820055 4.738466 60.109788 182.879877 111.321422 36.394135 102.029100 130.160433
128.673765 114.522875 14.881733 131.535511 51.376444 251.337773 66.135233 158.154635 67.298092 7.609563 125.641013 275.111823 34.036511 52.109380 93.620192 69.696256 91.060501 159.795199 176.195369 9.931222
48.777671 10.195336 2.335596 88.523959 45.490694 6.683473 76.959675 160.213288 193.854724 23.633137 89.265334 96.195255 189.076010 16.627733 26.043390 62.721156 142.723333 127.046777 78.693503 17.634767
8.442202 9.060062 205.714903 43.090686 14.405401 16.641849 48.843536 120.307492 176.392210 65.354367 108.089588 43.208165 195.074046 49.847789 30.785458 56.044199 62.269539 5.608162 13.809667 48.751285
53.130334 49.033608 75.615186 93.147241 157.378482 164.471136 20.333345 175.102794 45.857548 18.671829 32.124594 196.741420 45.574127 116.759472 184.497698 121.746257 2.935915 85.450227 88.240729 38.300906
27.987522 15.615592 152.980840 63.505588 35.336230 21.266923 233.301932 160.556453 5.168419 181.493148 197.694498 185.831803 199.766021 37.461704 57.006890 43.327839 142.063769 35.944378 15.634783 117.420389
52.464087 102.476850 110.134954 60.922595 42.187238 159.631121 97.220818 36.660732 18.324442 50.498965 106.651962 100.036714 44.394907 79.630701 31.740391 36.985445 196.887557 89.226595 9.906965 43.744273
49.954732 28.066293 92.974547 75.637090 29.576635 122.842640 164.729893 56.166458 25.357814 44.068017 49.447096 34.619594 22.127464 186.873763 88.730390 87.723568 116.838443 7.101712 74.439969 272.815642
41.505904 15.476102 150.866518 123.069990 92.980884 157.569968 14.185455 85.766897 17.769170 110.405692 96.726912 15.312438 151.171014 73.802919 61.943595 52.018067 34.238042 32.957613 86.552590 13.217423
141.231461 99.726758 133.087847 58.830145 75.465976 67.971008 7.227958 4.002735 129.594232 30.824360 32.922767 69.825985 33.663857 64.956744 66.469306 9.424583 171.116931 92.821854 210.728452 122.437489
