4.999999076098e-01 7.342855718182e-07 -1.438882025138e-06 -6.634220249432e-07 -1.007280882930e-07 2.146986573286e-06 1.393708086435e-06 -2.073711320619e-07 7.635872860738e-07 2.050536502591e-07
-1.041496174045e+00 -3.280760893682e-01 -1.053795685123e+00 -8.875866470156e-02 1.581933546213e-01 -1.789323047252e+00 1.063481777840e+00 3.712000508837e-02 -1.637579304129e-01 -3.282075690428e-01
1.588976503500e+00 -1.887830163975e-01 3.182770292810e-01 7.179002124107e-01 -7.072508451907e-04 7.821669662745e-01 8.699112117117e-02 6.625556927225e-02 1.200564941557e+00 -6.166531132228e-02
-9.009063455442e-01 -1.259248044002e+00 5.663286486438e-02 -4.662186159054e-01 7.485555486376e-01 2.781863888490e-01 -3.107561510459e-01 -6.539049867266e-01 -7.294798302831e-02 5.919375342723e-01
8.576039742639e-01 -1.194178405819e+00 1.901540732469e+00 -6.451840497610e-01 -6.821966824736e-01 1.552205077068e+00 1.216321534973e+00 9.363371804741e-01 -6.755505090191e-01 1.069320296652e+00
-1.097420180617e-01 -1.393235729136e+00 -6.715004694911e-01 -1.262074890426e+00 9.021389104879e-01 1.673613968101e+00 -1.039291142067e+00 -1.564278043815e-01 3.945962947968e-01 -1.166274446290e+00
9.370628652745e-01 -1.004616341121e+00 -1.390769109718e+00 -8.462700209824e-01 -3.720826766359e-01 -8.595075339428e-01 1.705998701091e+00 1.889080991190e-03 -1.427728284960e+00 3.432904108163e-01
-1.434269939139e+00 1.530772493975e+00 -1.202051390921e+00 -4.455109761766e-01 1.915272073330e-01 -7.783831380384e-01 -9.853374874112e-01 7.527497636411e-01 -1.561118754805e+00 1.040253529170e+00
-1.292581713417e+00 -1.255382814093e+00 -1.448121307729e-01 -2.211669195299e+00 -1.788875482575e-02 -7.296344177172e-01 3.332054959336e-01 -1.084623116751e-01 1.399155134439e+00 -8.999891821754e-01
1.000000000000e+01 -2.339925013873e-03 -5.181752989732e-01 2.138520353491e-01 -7.762264510947e-01 -5.922542023228e-01 -5.394679335173e-01 1.777975464120e-01 -1.172786492571e-01 -1.631930101925e+00
